100
1 95
6 0005001
6 6768907
2 071
6 6000001
6 0002001
0 1
4 11111
2 006
5 000001
3 5011
6 6001051
6 1122111
6 1111111
5 070001
5 221011
6 0008021
1 01
3 0001
0 1
6 9107001
5 090801
4 84265
0 1
5 189131
3 0001
2 901
0 1
6 8007001
6 1121122
6 2210211
2 401
3 5001
2 624
1 22
6 0001091
6 1111111
6 8000001
0 1
5 110011
1 09
6 4000801
6 0000948
4 47041
6 8057006
6 1121011
6 0600061
6 2057001
6 8683551
6 6349578
6 0000001
4 96722
2 001
2 001
6 0022001
2 111
6 0000001
6 4007201
5 425622
6 0221001
4 51001
3 2006
3 1781
6 0000001
6 0040307
0 4
0 1
6 0000001
6 1220102
2 212
6 6093666
6 5000001
6 3101021
6 0700001
6 5009007
2 601
6 2070001
6 3060201
6 0725175
2 211
0 2
6 1121222
2 202
6 8400041
6 0220021
6 0800051
6 9445741
6 9999999
6 1211021
0 1
1 01
6 1102202
6 7900071
6 1234991
6 4004001
6 0000001
0 1
6 5495651
6 4266144
6 1021175
