100
79.0635 4.00000 1220.6
494.38789 1.23403 1998.72698
497.69755 1.14417 1948.47418
308.4 1.25419 1991.585
490.18250 1.08465 1944.70305
67.0 3.0 327.0
1.68021 3.86901 2.75243
27.92725 3.91104 1577.45877
307.48522 2.74477 1124.09762
9.3899 2.73917 2000.00
494.46010 1.42561 1903.08196
498.35047 1.36024 1976.76024
399.67737 1.24535 288.15382
493.89175 1.11936 1903.94588
496.00766 1.05873 1981.33405
258.0 2.0 1170.0
129.82050 3.08685 957.18941
495.97664 1.10963 1920.36567
496.99796 1.43118 1941.74943
275.0 2.0 1144.3863
490.68806 1.10767 1955.26245
59.46082 1.41938 596.54869
134.01486 3.37408 848.38897
469.77 3.89219 1424.15
71.94136 3.07094 1620.56457
422.57454 3.63510 1674.48314
446.00000 2.00000 892.00000
498.03607 1.46100 1926.42352
132.00000 2.00000 264.00000
493.21773 1.17565 1967.27774
151.40012 2.74818 604.32666
493.64209 1.40511 1959.21119
498.17638 1.10876 1969.82625
281.85039 1.14217 1183.39155
1.00274 3.87298 1999.96705
477.00000 4.00000 524.00000
492.38063 1.14216 1913.59926
492.53645 1.30656 1940.91499
491.00000 2.00000 503.00000
282.0 2.75896 1065.5
35.33854 3.45659 316.47700
1.00796 3.47383 1999.81229
110.28845 2.47487 1.0
134.5 3.0 264.95
490.41190 1.36064 1994.49077
491.14930 1.18848 1903.82619
1.000 1.3208 1808.653
496.17272 1.29146 1998.63178
414.0 4.0 828.0
499.0 3.9114 891.0
401.20 3.0 1078.118
500.0 3.7 894.28
496.71163 1.11901 1983.53999
498.92928 1.27374 1979.34969
492.16863 1.25126 1919.64185
456.0 4.0 1584.0
467.00000 2.00000 934.00000
498.29024 1.12994 1991.17758
184.902 1.330 849.72
98.32739 1.62729 672.65322
264.36678 2.7990 447.69
326.86763 2.86901 915.68381
1.08037 3.96378 1999.07815
403.31109 2.02527 1629.37769
495.66565 1.17698 1918.15989
490.74812 1.42867 1935.45138
255.0 4.0 260.0
493.76949 1.10236 1929.70393
493.83257 1.02139 1939.24424
336.27988 2.40847 1240.85234
475.00000 2.00000 950.00000
114.0 2.5231 1861.0
299.0 4.0 518.0
160.0 1.0 1019.0
492.28319 1.11391 1986.07205
495.41426 1.25122 1991.05778
378.31160 3.13406 287.77833
95.0 2.0 1030.0
273.0 1.0 985.0
383.89134 1.59892 120.46168
284.26 1.00 1554.2
438.55394 3.76299 1626.70108
490.28836 1.01121 1957.82126
17.65023 1.80381 403.93471
393.938 3.2591 895.2027
277.0 2.0 1215.0
329.00000 1.00000 340.00000
137.7402 1.8 791.04
136.45926 1.55966 1589.62660
490.96537 1.46258 1965.20371
405.0 1.0 1080.0
164.0 2.0 1957.0
496.21751 1.47383 1944.02646
1.06363 3.34282 1999.45659
496.77602 1.27347 1927.82268
134.0 2.0 1753.0
460.00000 4.00000 495.00000
392.23 3.0 181.0
490.37554 1.26731 1978.57825
493.19018 1.20426 1902.26832
