100
382.0 1.0 7.0
223.0 4.0 621.0
402.0 4.0 1503.0
495.94685 1.37431 1966.24308
493.86650 1.02889 1919.83674
224.0 2.0 1080.0
477.0 2.0 559.0
497.36645 1.42880 1973.87078
189.0 3.0 1986.0
269.334 2.22 167.3922
318.0 1.0 197.0
79.59103 2.30046 1212.44082
490.28407 1.22708 1991.41844
487.00000 2.00000 532.00000
475.46166 2.70744 548.03698
492.71345 1.24623 1910.36503
495.30717 1.10487 1991.51275
141.48193 3.734 1.00
1.0 2.86 851.49416
102.534 4.0 241.0
414.45580 2.02853 1626.46584
493.65013 1.07112 1991.62206
492.35985 1.15272 1915.21227
496.73218 1.02465 1944.43427
491.32607 1.22325 1983.33450
1.01586 3.33747 1999.74814
321.57748 2.26168 793.27879
8.50837 2.23391 1289.30749
1.12840 3.60588 3.06698
496.89291 1.08464 1911.83016
470.0 4.0 844.0
416.0 2.67 108.5078
492.58026 1.37698 1980.65537
273.54050 2.14291 961.63487
317.48807 3.080 1920.297
329.78554 2.85953 694.08312
311.5 2.61510 1029.94253
37.0 4.0 178.0
495.46153 1.37582 1963.85992
494.83766 1.03261 1950.19132
497.15471 1.09384 1989.04346
417.00000 2.00000 834.00000
490.20231 1.25681 1902.98701
101.00000 2.00000 202.00000
491.55160 1.43571 1991.48129
24.71868 1.94717 1185.50007
492.30962 1.14406 1954.83514
453.00000 1.00000 487.00000
64.00000 2.00000 128.00000
45.0 1.0 1412.0
425.15318 1.98896 1315.85457
232.455 2.44695 1969.80703
268.00000 2.00000 315.00000
497.71221 1.20150 1944.96189
351.54 2.32279 1489.01
450.00000 2.00000 900.00000
150.28517 3.23549 324.81275
270.0 2.3185 785.0
495.53528 1.31805 1958.15827
296.98884 2.70384 716.61889
1.01681 3.09042 1999.33454
500.0 3.938 663.0
91.4 3.02339 989.98566
46.40846 2.11354 942.40180
13.52368 1.15819 811.49828
109.78212 2.08065 1909.90976
1.04247 3.96192 1999.55667
87.0 2.50317 396.4
484.59100 2.48541 1781.37709
42.86514 2.39422 1800.098
494.32631 1.21284 1920.75029
194.11917 3.12691 837.41454
97.0 1.0 1090.0
490.40083 1.12836 1992.99742
491.46435 1.27921 1956.20796
448.00000 3.00000 460.00000
494.60762 1.29499 1915.62108
136.97421 3.27416 233.98239
496.40618 1.26927 1904.15365
381.2271 1.203 1385.56
101.0 4.0 903.0
495.86485 1.17912 1909.53547
22.0 4.0 895.0
397.21979 2.54 2000.0
482.43001 3.63634 628.16434
11.39203 1.00613 1180.39941
1.08119 3.40841 1999.36720
249.96592 2.77105 318.45196
498.61012 1.13931 1986.47979
491.61530 1.04972 1953.43049
372.23891 1.0 775.0
122.31 3.95173 836.5385
496.16980 1.43167 1998.63732
496.53424 1.14021 1965.74884
497.68113 1.13268 1931.89413
496.87021 1.01342 1981.59304
73.22945 1.16433 203.92718
492.53660 1.16738 1917.67526
493.53962 1.41901 1964.31385
491.03857 1.14578 1983.64720