100
492.09239 1.49387 1965.24570
122.0 4.0 623.0
272.0 3.0 398.0
491.85824 1.29337 1929.49795
496.50659 1.34309 1983.48267
222.01657 2.12248 247.88304
495.33151 1.46731 1947.14893
364.00000 2.00000 728.00000
497.22851 1.48398 1968.71100
329.00000 3.00000 368.00000
495.32142 1.43751 1946.47842
493.71671 1.41394 1991.41795
98.94 3.29 1329.1722
492.37100 1.41040 1934.64406
198.065 3.0 2000.0
145.0 4.0 928.0
491.38855 1.32621 1998.12329
386.00000 2.00000 772.00000
77.212 2.25672 1519.7
244.0 1.0 769.0
376.0 2.0 427.0
91.50322 3.51146 1310.89475
468.80790 1.65343 83.50544
314.00000 4.00000 317.00000
1.55509 3.37492 3.00041
491.52025 1.46751 1915.15775
497.65308 1.08694 1909.67704
457.78970 3.95012 1190.57105
484.0 4.000 761.4259
496.93452 1.15490 1926.43591
156.41754 2.58263 1297.51050
492.25094 1.43691 1992.39026
101.0 3.0 1928.0
492.33716 1.44307 1917.55407
412.00000 2.00000 428.00000
271.84423 3.00450 1932.73908
433.74534 1.64022 611.67869
497.17764 1.28702 1936.10707
218.00077 2.49814 102.77417
391.0 2.0 1069.0
1.06165 3.80721 1999.66611
490.0 3.0 1959.0
497.75867 1.17899 1953.79806
1.00473 3.93943 1999.41232
329.009 2.9628 289.7
465.0 4.0 258.0
165.07085 2.99467 335.30734
156.0 4.0 1462.0
482.84717 2.93277 121.83656
498.83145 1.15286 1907.91756
498.04641 1.19123 1937.11600
318.0 1.0 1968.0
108.29208 3.34540 1998.43430
1.06292 3.75624 1999.24679
94.0 1.2 705.0
490.31087 1.07988 1947.90433
86.0209 2.2058 357.0
304.11523 3.29289 816.64573
457.5 1.88768 691.3
443.0520 2.41719 48.83527
497.52181 1.25792 1984.24381
490.40530 1.37188 1942.13771
490.95635 1.29934 1920.20565
497.32945 1.19473 1978.99088
271.98060 1.11231 1471.79897
40.85793 3.09498 739.78892
45.073 1.527 1.000
428.00000 2.00000 856.00000
185.00000 2.00000 370.00000
375.63992 3.62365 968.21901
497.27224 1.06184 1951.40268
493.30036 1.36168 1930.58950
1.000 1.733 272.0
277.6681 2.5 965.0
493.42618 1.03158 1987.40494
490.70694 1.41288 1904.22462
299.0 1.0 663.0
397.0 1.00000 1875.5
495.56263 1.24394 1944.10748
282.228 3.0 121.417
500.0 2.593 569.96179
1.06281 3.00009 1999.69934
490.53751 1.25506 1918.08741
372.06592 2.75890 1181.43351
273.33424 3.79608 963.15724
490.92943 1.40201 1961.37294
395.7753 3.9 1739.61
75.3483 2.0 312.3556
490.62894 1.17506 1919.65699
494.33444 1.28365 1957.75571
492.0163 2.587 668.53475
420.00000 3.00000 422.00000
497.38282 1.30808 1915.46072
495.75248 1.47479 1962.87463
194.36948 1.10282 985.99559
457.49 1.8 1341.2
53.45200 1.28012 414.27623
16.68481 1.03688 1080.57826
80.0 1.0 221.0
498.04745 1.10562 1976.44928
